spawn:
  world: Lobby
  x: 0.5680233005537091
  y: -41.0
  z: 0.6658970253552714
  yaw: -179.09985
  pitch: -0.600008
